// Falling Guillotine PVE
https://destinytracker.com/destiny-2/db/items/614426548-falling-guillotine?perks=263649945,938542991,269888150,2030760728,3913600130,4248210736,2323986101,1486919755,2931483505,2285418970
https://destinytracker.com/destiny-2/db/items/614426548-falling-guillotine?perks=263649945,2827049491,269888150,2030760728,3913600130,4248210736,2323986101,1486919755,2931483505,2285418970

// Temptation's Hook PVE
https://destinytracker.com/destiny-2/db/items/35794111-temptations-hook?perks=183772609,938542991,269888150,1749209109,1546637391,4248210736,2323986101,0,0,2285418970
https://destinytracker.com/destiny-2/db/items/35794111-temptations-hook?perks=183772609,2827049491,269888150,1749209109,1546637391,4248210736,2323986101,0,0,2285418970

// Lonesome PVE
https://destinytracker.com/destiny-2/db/items/2199171672-lonesome?perks=1636108362,839105230,1087426260,4267945040,1015611457,4248210736,2323986101,150943607,2285418970,2931483505
https://destinytracker.com/destiny-2/db/items/2199171672-lonesome?perks=1636108362,839105230,1087426260,4267945040,2458213969,4248210736,2323986101,150943607,2285418970,2931483505

// Death Adder PVE
https://destinytracker.com/destiny-2/db/items/2742490609-death-adder?perks=1458010786,4090651448,106909392,2779035018,2848615171,4248210736,2323986101,0,0,2285418970
https://destinytracker.com/destiny-2/db/items/2742490609-death-adder?perks=1458010786,1482024992,106909392,2779035018,2848615171,4248210736,2323986101,0,0,2285418970
https://destinytracker.com/destiny-2/db/items/2742490609-death-adder?perks=1458010786,1482024992,106909392,2779035018,1683379515,4248210736,2323986101,0,0,2285418970
https://destinytracker.com/destiny-2/db/items/2742490609-death-adder?perks=1458010786,4090651448,106909392,2779035018,1683379515,4248210736,2323986101,0,0,2285418970

// Escape Velocity PVE
https://destinytracker.com/destiny-2/db/items/1786797708-escape-velocity?perks=1458010786,663495155,106909392,4071163871,3708227201,4248210736,2323986101,0,0,2285418970
https://destinytracker.com/destiny-2/db/items/1786797708-escape-velocity?perks=1458010786,2209280307,106909392,4071163871,3708227201,4248210736,2323986101,0,0,2285418970

// Night Watch PVE
https://destinytracker.com/destiny-2/db/items/3504336176-night-watch?perks=1458010786,1467527085,3142289711,1168162263,3038247973,4248210736,2323986101,518224747,2285418970,2931483505
https://destinytracker.com/destiny-2/db/items/3504336176-night-watch?perks=1458010786,1467527085,3142289711,1168162263,3425386926,4248210736,2323986101,518224747,2285418970,2931483505
https://destinytracker.com/destiny-2/db/items/3504336176-night-watch?perks=1458010786,1467527085,3142289711,1168162263,2458213969,4248210736,2323986101,518224747,2285418970,2931483505

// Cold Denial PVE
https://destinytracker.com/destiny-2/db/items/1216130969-cold-denial?perks=1019291327,1467527085,679225683,2779035018,2458213969,4248210736,2323986101,1590375901,2931483505,2285418970
https://destinytracker.com/destiny-2/db/items/1216130969-cold-denial?perks=1019291327,4090651448,679225683,2779035018,2458213969,4248210736,2323986101,1590375901,2931483505,2285418970

// Cold Denial PVP
https://destinytracker.com/destiny-2/db/items/1216130969-cold-denial?perks=1019291327,202670084,1561002382,2450788523,3108830275,4248210736,2323986101,1590375901,2931483505,2285418970

// Bad Omens PVE
https://destinytracker.com/destiny-2/db/items/991314988-bad-omens?perks=3468089894,1441682018,2985827016,3977735242,1275731761,4248210736,2323986101,3928770367,2931483505,2285418970
https://destinytracker.com/destiny-2/db/items/991314988-bad-omens?perks=3468089894,1478423395,1996142143,3977735242,1275731761,4248210736,2323986101,3928770367,2931483505,2285418970

// Beloved PVP
https://destinytracker.com/destiny-2/db/items/4190932264-beloved?perks=1294026524,1840239774,3142289711,957782887,706527188,3841416154,2323986101,178753455,2931483505,2285418970
https://destinytracker.com/destiny-2/db/items/4190932264-beloved?perks=1294026524,3250034553,3142289711,957782887,706527188,3841416154,2323986101,178753455,2931483505,2285418970
https://destinytracker.com/destiny-2/db/items/4190932264-beloved?perks=1294026524,1482024992,3142289711,957782887,706527188,3841416154,2323986101,178753455,2931483505,2285418970
https://destinytracker.com/destiny-2/db/items/4190932264-beloved?perks=1294026524,3250034553,2420895100,957782887,706527188,3841416154,2323986101,178753455,2931483505,2285418970

// Long Shadow PVE
https://destinytracker.com/destiny-2/db/items/3745990145-long-shadow?perks=1294026524,893526892,1431678320,247725512,3400784728,4248210736,2323986101,150943607,0,2285418970
https://destinytracker.com/destiny-2/db/items/3745990145-long-shadow?perks=1294026524,893526892,1087426260,247725512,3400784728,4248210736,2323986101,150943607,0,2285418970

// Whispering Slab PVE
https://destinytracker.com/destiny-2/db/items/211938782-whispering-slab?perks=2108556049,852209214,16392701,201365942,4082225868,4248210736,2323986101,0,0,2285418970
https://destinytracker.com/destiny-2/db/items/211938782-whispering-slab?perks=2108556049,852209214,16392701,2450788523,4082225868,4248210736,2323986101,0,0,2285418970
https://destinytracker.com/destiny-2/db/items/211938782-whispering-slab?perks=2108556049,852209214,16392701,706527188,4082225868,4248210736,2323986101,0,0,2285418970

// Tranquility PVE
https://destinytracker.com/destiny-2/db/items/1645386487-tranquility?perks=1294026524,4090651448,106909392,1168162263,1354429876,4248210736,2323986101,4283235141,0,2285418970

// Arc Logic PVE
https://destinytracker.com/destiny-2/db/items/2723909519-arc-logic?perks=1294026524,1482024992,3142289711,1168162263,3400784728,4248210736,2323986101,4283235141,0,2285418970
https://destinytracker.com/destiny-2/db/items/2723909519-arc-logic?perks=1294026524,4090651448,3142289711,1168162263,3400784728,4248210736,2323986101,4283235141,0,2285418970
https://destinytracker.com/destiny-2/db/items/2723909519-arc-logic?perks=1294026524,4090651448,106909392,1168162263,3400784728,4248210736,2323986101,4283235141,0,2285418970
https://destinytracker.com/destiny-2/db/items/2723909519-arc-logic?perks=1294026524,1482024992,106909392,1168162263,3400784728,4248210736,2323986101,4283235141,0,2285418970
https://destinytracker.com/destiny-2/db/items/2723909519-arc-logic?perks=1294026524,1482024992,106909392,1168162263,3425386926,4248210736,2323986101,4283235141,0,2285418970
https://destinytracker.com/destiny-2/db/items/2723909519-arc-logic?perks=1294026524,1482024992,3142289711,1168162263,3425386926,4248210736,2323986101,4283235141,0,2285418970
https://destinytracker.com/destiny-2/db/items/2723909519-arc-logic?perks=1294026524,4090651448,3142289711,1168162263,3425386926,4248210736,2323986101,4283235141,0,2285418970
https://destinytracker.com/destiny-2/db/items/2723909519-arc-logic?perks=1294026524,4090651448,106909392,1168162263,3425386926,4248210736,2323986101,4283235141,0,2285418970

// Outrageous Fortune PVE
https://destinytracker.com/destiny-2/db/items/4146702548-outrageous-fortune?perks=2353477480,1478423395,409831596,4071163871,3425386926,4248210736,2323986101,3928770367,0,2285418970

// IKELOS_SR_v1.0.2 PVE
https://destinytracker.com/destiny-2/db/items/1253087083-ikelossrv102?perks=878286503,4090651448,106909392,1354429876,2213355989,4248210736,2323986101,0,0,2285418970
https://destinytracker.com/destiny-2/db/items/1253087083-ikelossrv102?perks=878286503,1840239774,106909392,1354429876,2213355989,4248210736,2323986101,0,0,2285418970

// Nature of the beast PVE
https://destinytracker.com/destiny-2/db/items/1835747805-nature-of-the-beast?perks=1322370662,1926090094,106909392,1820235745,2848615171,4248210736,2323986101,0,0,2285418970
https://destinytracker.com/destiny-2/db/items/1835747805-nature-of-the-beast?perks=1322370662,1926090095,106909392,1820235745,2848615171,4248210736,2323986101,0,0,2285418970
https://destinytracker.com/destiny-2/db/items/1835747805-nature-of-the-beast?perks=1322370662,1926090092,106909392,1820235745,2848615171,4248210736,2323986101,0,0,2285418970

// Nature of the beast PVP
https://destinytracker.com/destiny-2/db/items/1835747805-nature-of-the-beast?perks=1322370662,1926090093,3142289711,957782887,2846385770,4248210736,2323986101,0,0,2285418970

// False Promises PVE
https://destinytracker.com/destiny-2/db/items/3143732432-false-promises?perks=1019291327,1482024992,679225683,2779035018,3425386926,4248210736,2323986101,0,0,2285418970
https://destinytracker.com/destiny-2/db/items/3143732432-false-promises?perks=1019291327,3250034553,679225683,2779035018,3425386926,4248210736,2323986101,0,0,2285418970
https://destinytracker.com/destiny-2/db/items/3143732432-false-promises?perks=1019291327,4090651448,679225683,2779035018,3425386926,4248210736,2323986101,0,0,2285418970

// Wishbringer PVE
https://destinytracker.com/destiny-2/db/items/3356526253-wishbringer?perks=996573084,4090651448,106909392,4071163871,3425386926,2588739578,2323986101,150943607,0,2285418970
https://destinytracker.com/destiny-2/db/items/3356526253-wishbringer?perks=996573084,1332244541,106909392,4071163871,3425386926,2588739578,2323986101,150943607,0,2285418970

// First In, Last Out PVE
https://destinytracker.com/destiny-2/db/items/3616586446-first-in-last-out?perks=918679156,1840239774,791862061,3300816228,1546637391,4248210736,2323986101,0,0,2285418970
https://destinytracker.com/destiny-2/db/items/3616586446-first-in-last-out?perks=918679156,1482024992,791862061,3300816228,1546637391,4248210736,2323986101,0,0,2285418970
https://destinytracker.com/destiny-2/db/items/3616586446-first-in-last-out?perks=918679156,3250034553,791862061,3300816228,1546637391,4248210736,2323986101,0,0,2285418970

// Spare rations PVE
https://destinytracker.com/destiny-2/db/items/3116356268-spare-rations?perks=1458010786,3250034553,1561002382,1354429876,3425386926,4248210736,2323986101,4283235143,2285418970,2931483505
https://destinytracker.com/destiny-2/db/items/3116356268-spare-rations?perks=1458010786,4090651448,1561002382,1354429876,3425386926,4248210736,2323986101,4283235143,2285418970,2931483505

// Spare rations PVP
https://destinytracker.com/destiny-2/db/items/3116356268-spare-rations?perks=1458010786,1482024992,679225683,957782887,2846385770,4248210736,2323986101,4283235143,2285418970,2931483505
https://destinytracker.com/destiny-2/db/items/3116356268-spare-rations?perks=1458010786,3250034553,679225683,957782887,2846385770,4248210736,2323986101,4283235143,2285418970,2931483505
https://destinytracker.com/destiny-2/db/items/3116356268-spare-rations?perks=1458010786,202670084,679225683,957782887,2846385770,4248210736,2323986101,4283235143,2285418970,2931483505

// Hammerhead
https://destinytracker.com/destiny-2/db/items/603242241-hammerhead?perks=1294026524,4090651448,1885400500,2779035018,3425386926,4248210736,2323986101,2357520979,2931483505,2285418970,0,3876796314
https://destinytracker.com/destiny-2/db/items/603242241-hammerhead?perks=1294026524,1467527085,1885400500,2779035018,3425386926,4248210736,2323986101,2357520979,2931483505,2285418970,0,3876796314
https://destinytracker.com/destiny-2/db/items/603242241-hammerhead?perks=1294026524,3250034553,1885400500,2779035018,3425386926,4248210736,2323986101,2357520979,2931483505,2285418970,0,3876796314
https://destinytracker.com/destiny-2/db/items/603242241-hammerhead?perks=1294026524,1482024992,1885400500,2779035018,3425386926,4248210736,2323986101,2357520979,2931483505,2285418970,0,3876796314
https://destinytracker.com/destiny-2/db/items/603242241-hammerhead?perks=1294026524,1482024992,1561002382,2779035018,3425386926,4248210736,2323986101,2357520979,2931483505,2285418970,0,3876796314
https://destinytracker.com/destiny-2/db/items/603242241-hammerhead?perks=1294026524,4090651448,1561002382,2779035018,3425386926,4248210736,2323986101,2357520979,2931483505,2285418970,0,3876796314
https://destinytracker.com/destiny-2/db/items/603242241-hammerhead?perks=1294026524,1467527085,1561002382,2779035018,3425386926,4248210736,2323986101,2357520979,2931483505,2285418970,0,3876796314
https://destinytracker.com/destiny-2/db/items/603242241-hammerhead?perks=1294026524,3250034553,1561002382,2779035018,3425386926,4248210736,2323986101,2357520979,2931483505,2285418970,0,3876796314
https://destinytracker.com/destiny-2/db/items/603242241-hammerhead?perks=1294026524,1482024992,1968497646,2779035018,3425386926,4248210736,2323986101,2357520979,2931483505,2285418970,0,3876796314
https://destinytracker.com/destiny-2/db/items/603242241-hammerhead?perks=1294026524,4090651448,1968497646,2779035018,3425386926,4248210736,2323986101,2357520979,2931483505,2285418970,0,3876796314
https://destinytracker.com/destiny-2/db/items/603242241-hammerhead?perks=1294026524,1467527085,1968497646,2779035018,3425386926,4248210736,2323986101,2357520979,2931483505,2285418970,0,3876796314
https://destinytracker.com/destiny-2/db/items/603242241-hammerhead?perks=1294026524,3250034553,1968497646,2779035018,3425386926,4248210736,2323986101,2357520979,2931483505,2285418970,0,3876796314

// Interference VI
https://destinytracker.com/destiny-2/db/items/2257180473-interference-vi?perks=1294026524,1844523823,1771897777,3300816228,4082225868,4248210736,2323986101,0,0,2285418970
https://destinytracker.com/destiny-2/db/items/2257180473-interference-vi?perks=1294026524,1478423395,1771897777,3300816228,4082225868,4248210736,2323986101,0,0,2285418970
https://destinytracker.com/destiny-2/db/items/2257180473-interference-vi?perks=1294026524,1441682018,1771897777,3300816228,4082225868,4248210736,2323986101,0,0,2285418970

// IKELOS_SMG_v1.0.2
https://destinytracker.com/destiny-2/db/items/2222560548-ikelossmgv102?perks=1525239159,4090651448,106909392,1631667848,1683379515,4248210736,2323986101,0,0,2285418970
https://destinytracker.com/destiny-2/db/items/2222560548-ikelossmgv102?perks=1525239159,1482024992,3142289711,1631667848,1683379515,4248210736,2323986101,0,0,2285418970
https://destinytracker.com/destiny-2/db/items/2222560548-ikelossmgv102?perks=1525239159,3250034553,3142289711,1631667848,1683379515,4248210736,2323986101,0,0,2285418970
https://destinytracker.com/destiny-2/db/items/2222560548-ikelossmgv102?perks=1525239159,3250034553,3142289711,4071163871,3708227201,4248210736,2323986101,0,0,2285418970
https://destinytracker.com/destiny-2/db/items/2222560548-ikelossmgv102?perks=1525239159,4090651448,106909392,4071163871,3708227201,4248210736,2323986101,0,0,2285418970
https://destinytracker.com/destiny-2/db/items/2222560548-ikelossmgv102?perks=1525239159,1482024992,3142289711,4071163871,3708227201,4248210736,2323986101,0,0,2285418970

// Play of the Game
https://destinytracker.com/destiny-2/db/items/195440257-play-of-the-game?perks=1294026524,1441682018,409831596,2846385770,2010801679,4248210736,2323986101,4105787909,0,2285418970
https://destinytracker.com/destiny-2/db/items/195440257-play-of-the-game?perks=1294026524,981914802,409831596,2846385770,2010801679,4248210736,2323986101,4105787909,0,2285418970
https://destinytracker.com/destiny-2/db/items/195440257-play-of-the-game?perks=1294026524,3525010810,409831596,2846385770,2010801679,4248210736,2323986101,4105787909,0,2285418970
https://destinytracker.com/destiny-2/db/items/195440257-play-of-the-game?perks=1294026524,3798852852,409831596,2846385770,2010801679,4248210736,2323986101,4105787909,0,2285418970

// Astral Horizon PVP
https://destinytracker.com/destiny-2/db/items/1697682876-astral-horizon?perks=3983457027,1047830412,679225683,706527188,47981717,4248210736,2323986101,0,0,2285418970
https://destinytracker.com/destiny-2/db/items/1697682876-astral-horizon?perks=3983457027,4090651448,679225683,706527188,47981717,4248210736,2323986101,0,0,2285418970
https://destinytracker.com/destiny-2/db/items/1697682876-astral-horizon?perks=3983457027,1482024992,679225683,706527188,47981717,4248210736,2323986101,0,0,2285418970

// Felwinter's Lie PVP
https://destinytracker.com/destiny-2/db/items/1179141605-felwinters-lie?perks=3054949324,1047830412,3142289711,706527188,47981717,4248210736,2323986101,684616255,2931483505,2285418970

// Mindbender's Ambition PVP
https://destinytracker.com/destiny-2/db/items/4117693024-mindbenders-ambition?perks=3983457027,1047830412,679225683,47981717,706527188,4248210736,2323986101,684616255,0,2285418970
https://destinytracker.com/destiny-2/db/items/4117693024-mindbenders-ambition?perks=3983457027,4090651448,679225683,47981717,706527188,4248210736,2323986101,684616255,0,2285418970
https://destinytracker.com/destiny-2/db/items/4117693024-mindbenders-ambition?perks=3983457027,1482024992,679225683,47981717,706527188,4248210736,2323986101,684616255,0,2285418970

// Seventh Seraph CQC-12 PVE
https://destinytracker.com/destiny-2/db/items/1821724780-seventh-seraph-cqc-12?perks=1458010786,1482024992,791862061,3161816588,1546637391,4248210736,2323986101,518224747,2931483505,2285418970
https://destinytracker.com/destiny-2/db/items/1821724780-seventh-seraph-cqc-12?perks=1458010786,4090651448,791862061,3161816588,1546637391,4248210736,2323986101,518224747,2931483505,2285418970
https://destinytracker.com/destiny-2/db/items/1821724780-seventh-seraph-cqc-12?perks=1458010786,1300023272,791862061,3161816588,1546637391,4248210736,2323986101,518224747,2931483505,2285418970

// The Summoner PVP
https://destinytracker.com/destiny-2/db/items/1907698332-the-summoner?perks=1294026524,1482024992,1561002382,2387244414,2846385770,4248210736,2323986101,0,0,2285418970
https://destinytracker.com/destiny-2/db/items/1907698332-the-summoner?perks=1294026524,3661387068,1561002382,2387244414,2846385770,4248210736,2323986101,0,0,2285418970
https://destinytracker.com/destiny-2/db/items/1907698332-the-summoner?perks=1294026524,839105230,1561002382,2387244414,2846385770,4248210736,2323986101,0,0,2285418970
https://destinytracker.com/destiny-2/db/items/1907698332-the-summoner?perks=1294026524,1467527085,1561002382,2387244414,2846385770,4248210736,2323986101,0,0,2285418970
https://destinytracker.com/destiny-2/db/items/1907698332-the-summoner?perks=1294026524,1482024992,679225683,2387244414,2846385770,4248210736,2323986101,0,0,2285418970
https://destinytracker.com/destiny-2/db/items/1907698332-the-summoner?perks=1294026524,3661387068,679225683,2387244414,2846385770,4248210736,2323986101,0,0,2285418970
https://destinytracker.com/destiny-2/db/items/1907698332-the-summoner?perks=1294026524,839105230,679225683,2387244414,2846385770,4248210736,2323986101,0,0,2285418970
https://destinytracker.com/destiny-2/db/items/1907698332-the-summoner?perks=1294026524,1467527085,679225683,2387244414,2846385770,4248210736,2323986101,0,0,2285418970
https://destinytracker.com/destiny-2/db/items/1907698332-the-summoner?perks=1294026524,1482024992,1885400500,2387244414,2846385770,4248210736,2323986101,0,0,2285418970
https://destinytracker.com/destiny-2/db/items/1907698332-the-summoner?perks=1294026524,3661387068,1885400500,2387244414,2846385770,4248210736,2323986101,0,0,2285418970
https://destinytracker.com/destiny-2/db/items/1907698332-the-summoner?perks=1294026524,839105230,1885400500,2387244414,2846385770,4248210736,2323986101,0,0,2285418970
https://destinytracker.com/destiny-2/db/items/1907698332-the-summoner?perks=1294026524,1467527085,1885400500,2387244414,2846385770,4248210736,2323986101,0,0,2285418970

// Dire Promise PVP
https://destinytracker.com/destiny-2/db/items/2742838701-dire-promise?perks=1458010786,1926090093,1561002382,957782887,2846385770,4248210736,2323986101,0,0,2285418970
https://destinytracker.com/destiny-2/db/items/2742838701-dire-promise?perks=1458010786,1926090092,1561002382,957782887,2846385770,4248210736,2323986101,0,0,2285418970
https://destinytracker.com/destiny-2/db/items/2742838701-dire-promise?perks=1458010786,1926090092,1885400500,957782887,2846385770,4248210736,2323986101,0,0,2285418970
https://destinytracker.com/destiny-2/db/items/2742838701-dire-promise?perks=1458010786,1926090093,1885400500,957782887,2846385770,4248210736,2323986101,0,0,2285418970
https://destinytracker.com/destiny-2/db/items/2742838701-dire-promise?perks=1458010786,1926090094,679225683,957782887,4082225868,4248210736,2323986101,0,0,2285418970

// The Forward Path
https://destinytracker.com/destiny-2/db/items/1690783811-the-forward-path?perks=1294026524,679077873,3142289711,1359896290,1890422124,4248210736,2323986101,0,0,2285418970
https://destinytracker.com/destiny-2/db/items/1690783811-the-forward-path?perks=1294026524,2405638014,3142289711,1359896290,1890422124,4248210736,2323986101,0,0,2285418970

// Gnawing Hunger PVE
https://destinytracker.com/destiny-2/db/items/821154603-gnawing-hunger?perks=1294026524,4090651448,3142289711,2387244414,3425386926,4248210736,2323986101,518224747,2285418970,2931483505
https://destinytracker.com/destiny-2/db/items/821154603-gnawing-hunger?perks=1294026524,1467527085,3142289711,2387244414,3425386926,4248210736,2323986101,518224747,2285418970,2931483505
https://destinytracker.com/destiny-2/db/items/821154603-gnawing-hunger?perks=1294026524,3250034553,3142289711,2387244414,3425386926,4248210736,2323986101,518224747,2285418970,2931483505
https://destinytracker.com/destiny-2/db/items/821154603-gnawing-hunger?perks=1294026524,1482024992,3142289711,2387244414,3425386926,4248210736,2323986101,518224747,2285418970,2931483505
https://destinytracker.com/destiny-2/db/items/821154603-gnawing-hunger?perks=1294026524,4090651448,3142289711,2387244414,2458213969,4248210736,2323986101,518224747,2285418970,2931483505
https://destinytracker.com/destiny-2/db/items/821154603-gnawing-hunger?perks=1294026524,1467527085,3142289711,2387244414,2458213969,4248210736,2323986101,518224747,2285418970,2931483505
https://destinytracker.com/destiny-2/db/items/821154603-gnawing-hunger?perks=1294026524,3250034553,3142289711,2387244414,2458213969,4248210736,2323986101,518224747,2285418970,2931483505
https://destinytracker.com/destiny-2/db/items/821154603-gnawing-hunger?perks=1294026524,1482024992,3142289711,2387244414,2458213969,4248210736,2323986101,518224747,2285418970,2931483505
https://destinytracker.com/destiny-2/db/items/821154603-gnawing-hunger?perks=1294026524,4090651448,3142289711,1820235745,3425386926,4248210736,2323986101,518224747,2285418970,2931483505
https://destinytracker.com/destiny-2/db/items/821154603-gnawing-hunger?perks=1294026524,1467527085,3142289711,1820235745,3425386926,4248210736,2323986101,518224747,2285418970,2931483505
https://destinytracker.com/destiny-2/db/items/821154603-gnawing-hunger?perks=1294026524,3250034553,3142289711,1820235745,3425386926,4248210736,2323986101,518224747,2285418970,2931483505
https://destinytracker.com/destiny-2/db/items/821154603-gnawing-hunger?perks=1294026524,1482024992,3142289711,1820235745,3425386926,4248210736,2323986101,518224747,2285418970,2931483505
https://destinytracker.com/destiny-2/db/items/821154603-gnawing-hunger?perks=1294026524,4090651448,3142289711,1820235745,2458213969,4248210736,2323986101,518224747,2285418970,2931483505
https://destinytracker.com/destiny-2/db/items/821154603-gnawing-hunger?perks=1294026524,1467527085,3142289711,1820235745,2458213969,4248210736,2323986101,518224747,2285418970,2931483505
https://destinytracker.com/destiny-2/db/items/821154603-gnawing-hunger?perks=1294026524,3250034553,3142289711,1820235745,2458213969,4248210736,2323986101,518224747,2285418970,2931483505
https://destinytracker.com/destiny-2/db/items/821154603-gnawing-hunger?perks=1294026524,1482024992,3142289711,1820235745,2458213969,4248210736,2323986101,518224747,2285418970,2931483505

// Old Fashioned PVE
https://destinytracker.com/destiny-2/db/items/3569802112-the-old-fashioned?perks=1294026524,1926090093,106909392,2779035018,1015611457,4248210736,2323986101,0,0,2285418970
https://destinytracker.com/destiny-2/db/items/3569802112-the-old-fashioned?perks=1294026524,1926090092,106909392,2779035018,1015611457,4248210736,2323986101,0,0,2285418970
https://destinytracker.com/destiny-2/db/items/3569802112-the-old-fashioned?perks=1294026524,1926090092,3142289711,2779035018,1015611457,4248210736,2323986101,0,0,2285418970
https://destinytracker.com/destiny-2/db/items/3569802112-the-old-fashioned?perks=1294026524,1926090093,3142289711,2779035018,1015611457,4248210736,2323986101,0,0,2285418970
https://destinytracker.com/destiny-2/db/items/3569802112-the-old-fashioned?perks=1294026524,1926090093,106909392,2779035018,3038247973,4248210736,2323986101,0,0,2285418970
https://destinytracker.com/destiny-2/db/items/3569802112-the-old-fashioned?perks=1294026524,1926090092,106909392,2779035018,3038247973,4248210736,2323986101,0,0,2285418970
https://destinytracker.com/destiny-2/db/items/3569802112-the-old-fashioned?perks=1294026524,1926090092,3142289711,2779035018,3038247973,4248210736,2323986101,0,0,2285418970
https://destinytracker.com/destiny-2/db/items/3569802112-the-old-fashioned?perks=1294026524,1926090093,3142289711,2779035018,3038247973,4248210736,2323986101,0,0,2285418970

// Austringer PVE
https://destinytracker.com/destiny-2/db/items/2429822977-austringer?perks=1294026524,3250034553,3142289711,1168162263,2846385770,3841416154,2323986101,684616255,2931483505,2285418970
https://destinytracker.com/destiny-2/db/items/2429822977-austringer?perks=1294026524,1482024992,3142289711,1168162263,2846385770,3841416154,2323986101,684616255,2931483505,2285418970
https://destinytracker.com/destiny-2/db/items/2429822977-austringer?perks=1294026524,1482024992,106909392,1168162263,2846385770,3841416154,2323986101,684616255,2931483505,2285418970
https://destinytracker.com/destiny-2/db/items/2429822977-austringer?perks=1294026524,3250034553,106909392,1168162263,2846385770,3841416154,2323986101,684616255,2931483505,2285418970

// Ancient Gospel PVE
https://destinytracker.com/destiny-2/db/items/48643186-ancient-gospel?perks=1294026524,1482024992,3142289711,1168162263,1015611457,4248210736,2323986101,2942552113,0,2285418970
https://destinytracker.com/destiny-2/db/items/48643186-ancient-gospel?perks=1294026524,3250034553,3142289711,1168162263,1015611457,4248210736,2323986101,2942552113,0,2285418970
https://destinytracker.com/destiny-2/db/items/48643186-ancient-gospel?perks=1294026524,4090651448,3142289711,1168162263,1015611457,4248210736,2323986101,2942552113,0,2285418970
https://destinytracker.com/destiny-2/db/items/48643186-ancient-gospel?perks=1294026524,1482024992,106909392,1168162263,1015611457,4248210736,2323986101,2942552113,0,2285418970
https://destinytracker.com/destiny-2/db/items/48643186-ancient-gospel?perks=1294026524,3250034553,106909392,1168162263,1015611457,4248210736,2323986101,2942552113,0,2285418970
https://destinytracker.com/destiny-2/db/items/48643186-ancient-gospel?perks=1294026524,4090651448,106909392,1168162263,1015611457,4248210736,2323986101,2942552113,0,2285418970
https://destinytracker.com/destiny-2/db/items/48643186-ancient-gospel?perks=1294026524,1482024992,3142289711,1168162263,2848615171,4248210736,2323986101,2942552113,0,2285418970
https://destinytracker.com/destiny-2/db/items/48643186-ancient-gospel?perks=1294026524,3250034553,3142289711,1168162263,2848615171,4248210736,2323986101,2942552113,0,2285418970
https://destinytracker.com/destiny-2/db/items/48643186-ancient-gospel?perks=1294026524,4090651448,3142289711,1168162263,2848615171,4248210736,2323986101,2942552113,0,2285418970
https://destinytracker.com/destiny-2/db/items/48643186-ancient-gospel?perks=1294026524,1482024992,106909392,1168162263,2848615171,4248210736,2323986101,2942552113,0,2285418970
https://destinytracker.com/destiny-2/db/items/48643186-ancient-gospel?perks=1294026524,3250034553,106909392,1168162263,2848615171,4248210736,2323986101,2942552113,0,2285418970
https://destinytracker.com/destiny-2/db/items/48643186-ancient-gospel?perks=1294026524,4090651448,106909392,1168162263,2848615171,4248210736,2323986101,2942552113,0,2285418970

// Nation of Beasts PVE
https://destinytracker.com/destiny-2/db/items/654370424-nation-of-beasts?perks=1294026524,3250034553,3142289711,1168162263,3425386926,4248210736,2323986101,684616255,0,2285418970
https://destinytracker.com/destiny-2/db/items/654370424-nation-of-beasts?perks=1294026524,4090651448,3142289711,1168162263,3425386926,4248210736,2323986101,684616255,0,2285418970
https://destinytracker.com/destiny-2/db/items/654370424-nation-of-beasts?perks=1294026524,4090651448,106909392,1168162263,3425386926,4248210736,2323986101,684616255,0,2285418970
https://destinytracker.com/destiny-2/db/items/654370424-nation-of-beasts?perks=1294026524,3250034553,106909392,1168162263,3425386926,4248210736,2323986101,684616255,0,2285418970
https://destinytracker.com/destiny-2/db/items/654370424-nation-of-beasts?perks=1294026524,3250034553,3142289711,1168162263,3038247973,4248210736,2323986101,684616255,0,2285418970
https://destinytracker.com/destiny-2/db/items/654370424-nation-of-beasts?perks=1294026524,4090651448,3142289711,1168162263,3038247973,4248210736,2323986101,684616255,0,2285418970
https://destinytracker.com/destiny-2/db/items/654370424-nation-of-beasts?perks=1294026524,4090651448,106909392,1168162263,3038247973,4248210736,2323986101,684616255,0,2285418970
https://destinytracker.com/destiny-2/db/items/654370424-nation-of-beasts?perks=1294026524,3250034553,106909392,1168162263,3038247973,4248210736,2323986101,684616255,0,2285418970
https://destinytracker.com/destiny-2/db/items/654370424-nation-of-beasts?perks=1294026524,3250034553,3142289711,1168162263,2848615171,4248210736,2323986101,684616255,0,2285418970
https://destinytracker.com/destiny-2/db/items/654370424-nation-of-beasts?perks=1294026524,4090651448,3142289711,1168162263,2848615171,4248210736,2323986101,684616255,0,2285418970
https://destinytracker.com/destiny-2/db/items/654370424-nation-of-beasts?perks=1294026524,4090651448,106909392,1168162263,2848615171,4248210736,2323986101,684616255,0,2285418970
https://destinytracker.com/destiny-2/db/items/654370424-nation-of-beasts?perks=1294026524,3250034553,106909392,1168162263,2848615171,4248210736,2323986101,684616255,0,2285418970

// Jian 7 Rifle PVE
https://destinytracker.com/destiny-2/db/items/1162247618-jian-7-rifle?perks=1294026524,3151536501,1885400500,4267945040,3425386926,4248210736,2323986101,0,0,2285418970
https://destinytracker.com/destiny-2/db/items/1162247618-jian-7-rifle?perks=1294026524,3151536500,1885400500,4267945040,3425386926,4248210736,2323986101,0,0,2285418970
https://destinytracker.com/destiny-2/db/items/1162247618-jian-7-rifle?perks=1294026524,3151536501,1885400500,679225683,3425386926,4248210736,2323986101,0,0,2285418970
https://destinytracker.com/destiny-2/db/items/1162247618-jian-7-rifle?perks=1294026524,3151536500,1885400500,679225683,3425386926,4248210736,2323986101,0,0,2285418970

// Last Perdition PVE
https://destinytracker.com/destiny-2/db/items/188882152-last-perdition?perks=1294026524,3151536501,3142289711,1168162263,3425386926,4248210736,2323986101,150943607,2285418970,2931483505
https://destinytracker.com/destiny-2/db/items/188882152-last-perdition?perks=1294026524,3151536500,3142289711,1168162263,3425386926,4248210736,2323986101,150943607,2285418970,2931483505
https://destinytracker.com/destiny-2/db/items/188882152-last-perdition?perks=1294026524,3151536501,106909392,1168162263,3425386926,4248210736,2323986101,150943607,2285418970,2931483505
https://destinytracker.com/destiny-2/db/items/188882152-last-perdition?perks=1294026524,3151536500,106909392,1168162263,3425386926,4248210736,2323986101,150943607,2285418970,2931483505

// Bygones PVE
https://destinytracker.com/destiny-2/db/items/2712244741-bygones?perks=1294026524,1467527085,1885400500,3425386926,1168162263,4248210736,2323986101,1590375901,2931483505,2285418970
https://destinytracker.com/destiny-2/db/items/2712244741-bygones?perks=1294026524,3250034553,1885400500,3425386926,1168162263,4248210736,2323986101,1590375901,2931483505,2285418970

// Breachlight PVE
https://destinytracker.com/destiny-2/db/items/1289997971-breachlight?perks=3330548924,3250034553,3142289711,1168162263,3425386926,4248210736,2323986101,0,0,2285418970
https://destinytracker.com/destiny-2/db/items/1289997971-breachlight?perks=3330548924,1482024992,3142289711,1168162263,3425386926,4248210736,2323986101,0,0,2285418970
https://destinytracker.com/destiny-2/db/items/1289997971-breachlight?perks=3330548924,4090651448,3142289711,1168162263,3425386926,4248210736,2323986101,0,0,2285418970

// The Last Dance PVE
https://destinytracker.com/destiny-2/db/items/2009277538-the-last-dance?perks=31057037,445755706,1087426260,4267945040,1015611457,4248210736,2323986101,150943607,0,2285418970
https://destinytracker.com/destiny-2/db/items/2009277538-the-last-dance?perks=31057037,445755706,1087426260,4267945040,2848615171,4248210736,2323986101,150943607,0,2285418970
https://destinytracker.com/destiny-2/db/items/2009277538-the-last-dance?perks=31057037,445755706,1087426260,1168162263,2848615171,4248210736,2323986101,150943607,0,2285418970
https://destinytracker.com/destiny-2/db/items/2009277538-the-last-dance?perks=31057037,445755706,1087426260,1168162263,1015611457,4248210736,2323986101,150943607,0,2285418970

// Last Hope PVE
https://destinytracker.com/destiny-2/db/items/3622137132-last-hope?perks=31057037,445755706,1885400500,2779035018,2458213969,4248210736,2323986101,0,0,2285418970
https://destinytracker.com/destiny-2/db/items/3622137132-last-hope?perks=31057037,445755706,1561002382,2779035018,2458213969,4248210736,2323986101,0,0,2285418970
https://destinytracker.com/destiny-2/db/items/3622137132-last-hope?perks=31057037,445755706,1968497646,2779035018,2458213969,4248210736,2323986101,0,0,2285418970
https://destinytracker.com/destiny-2/db/items/3622137132-last-hope?perks=31057037,445755707,1885400500,2779035018,2458213969,4248210736,2323986101,0,0,2285418970
https://destinytracker.com/destiny-2/db/items/3622137132-last-hope?perks=31057037,445755707,1561002382,2779035018,2458213969,4248210736,2323986101,0,0,2285418970
https://destinytracker.com/destiny-2/db/items/3622137132-last-hope?perks=31057037,445755707,1968497646,2779035018,2458213969,4248210736,2323986101,0,0,2285418970
https://destinytracker.com/destiny-2/db/items/3622137132-last-hope?perks=31057037,445755705,1885400500,2779035018,2458213969,4248210736,2323986101,0,0,2285418970
https://destinytracker.com/destiny-2/db/items/3622137132-last-hope?perks=31057037,445755705,1561002382,2779035018,2458213969,4248210736,2323986101,0,0,2285418970
https://destinytracker.com/destiny-2/db/items/3622137132-last-hope?perks=31057037,445755705,1968497646,2779035018,2458213969,4248210736,2323986101,0,0,2285418970

// Traveler's Judgement 5 PVE
https://destinytracker.com/destiny-2/db/items/4149758318-travelers-judgment-5?perks=3449390870,445755707,1968497646,2779035018,2848615171,4248210736,2323986101,0,0,2285418970
https://destinytracker.com/destiny-2/db/items/4149758318-travelers-judgment-5?perks=3449390870,445755707,3142289711,2779035018,2848615171,4248210736,2323986101,0,0,2285418970
https://destinytracker.com/destiny-2/db/items/4149758318-travelers-judgment-5?perks=3449390870,445755707,1561002382,2779035018,2848615171,4248210736,2323986101,0,0,2285418970
https://destinytracker.com/destiny-2/db/items/4149758318-travelers-judgment-5?perks=3449390870,445755706,1968497646,2779035018,2848615171,4248210736,2323986101,0,0,2285418970
https://destinytracker.com/destiny-2/db/items/4149758318-travelers-judgment-5?perks=3449390870,445755706,3142289711,2779035018,2848615171,4248210736,2323986101,0,0,2285418970
https://destinytracker.com/destiny-2/db/items/4149758318-travelers-judgment-5?perks=3449390870,445755706,1561002382,2779035018,2848615171,4248210736,2323986101,0,0,2285418970

// Patron of Lost Causes PVE
https://destinytracker.com/destiny-2/db/items/2723241847-patron-of-lost-causes?perks=1458010786,3250034553,3142289711,247725512,3038247973,4248210736,2323986101,0,0,2285418970
https://destinytracker.com/destiny-2/db/items/2723241847-patron-of-lost-causes?perks=1458010786,1482024992,3142289711,247725512,3038247973,4248210736,2323986101,0,0,2285418970
https://destinytracker.com/destiny-2/db/items/2723241847-patron-of-lost-causes?perks=1458010786,4090651448,3142289711,247725512,3038247973,4248210736,2323986101,0,0,2285418970

// Negative Space PVE
https://destinytracker.com/destiny-2/db/items/3629968765-negative-space?perks=4172267910,938542991,3625355092,1749209109,3913600130,4248210736,2323986101,0,0,2285418970
https://destinytracker.com/destiny-2/db/items/3629968765-negative-space?perks=4172267910,2827049491,3625355092,1749209109,3913600130,4248210736,2323986101,0,0,2285418970
https://destinytracker.com/destiny-2/db/items/3629968765-negative-space?perks=4172267910,938542991,3625355092,2590710093,3913600130,4248210736,2323986101,0,0,2285418970
https://destinytracker.com/destiny-2/db/items/3629968765-negative-space?perks=4172267910,2827049491,3625355092,2590710093,3913600130,4248210736,2323986101,0,0,2285418970

// Death's Razor PVE
https://destinytracker.com/destiny-2/db/items/569799274-deaths-razor?perks=4172267910,2827049491,2363751990,1749209109,3913600130,3841416154,2323986101,915325363,0,2285418970
https://destinytracker.com/destiny-2/db/items/569799274-deaths-razor?perks=4172267910,2827049491,2363751990,2590710093,3913600130,3841416154,2323986101,915325363,0,2285418970
https://destinytracker.com/destiny-2/db/items/569799274-deaths-razor?perks=4172267910,938542991,2363751990,2590710093,3913600130,3841416154,2323986101,915325363,0,2285418970
https://destinytracker.com/destiny-2/db/items/569799274-deaths-razor?perks=4172267910,938542991,2363751990,1749209109,3913600130,3841416154,2323986101,915325363,0,2285418970

// Imperial Decree (Trench) PVE
https://destinytracker.com/destiny-2/db/items/2919334548-imperial-decree?perks=3983457027,1332244541,106909392,2779035018,2360754333,3841416154,2323986101,684616255,2931483505,2285418970
https://destinytracker.com/destiny-2/db/items/2919334548-imperial-decree?perks=3983457027,1047830412,106909392,2779035018,2360754333,3841416154,2323986101,684616255,2931483505,2285418970

// Threat Level (Surrounded) PVE
https://destinytracker.com/destiny-2/db/items/1664372054-threat-level?perks=996573084,1047830412,106909392,3708227201,4071163871,4248210736,2323986101,684616255,0,2285418970,0,3876796314
https://destinytracker.com/destiny-2/db/items/1664372054-threat-level?perks=996573084,4090651448,106909392,3708227201,4071163871,4248210736,2323986101,684616255,0,2285418970,0,3876796314
https://destinytracker.com/destiny-2/db/items/1664372054-threat-level?perks=996573084,1332244541,106909392,3708227201,4071163871,4248210736,2323986101,684616255,0,2285418970,0,3876796314
https://destinytracker.com/destiny-2/db/items/1664372054-threat-level?perks=996573084,1332244541,106909392,2360754333,4071163871,4248210736,2323986101,684616255,0,2285418970,0,3876796314
https://destinytracker.com/destiny-2/db/items/1664372054-threat-level?perks=996573084,4090651448,106909392,2360754333,4071163871,4248210736,2323986101,684616255,0,2285418970,0,3876796314
https://destinytracker.com/destiny-2/db/items/1664372054-threat-level?perks=996573084,1047830412,106909392,2360754333,4071163871,4248210736,2323986101,684616255,0,2285418970,0,3876796314

// Toil and Trouble PVE
https://destinytracker.com/destiny-2/db/items/2957367743-toil-and-trouble?perks=3983457027,1332244541,106909392,3161816588,3425386926,4248210736,2323986101,150943607,0,2285418970
https://destinytracker.com/destiny-2/db/items/2957367743-toil-and-trouble?perks=3983457027,1047830412,106909392,3161816588,3425386926,4248210736,2323986101,150943607,0,2285418970

// Tranquility Boss DPS
https://destinytracker.com/destiny-2/db/items/1645386487-tranquility?perks=1294026524,1840239774,1087426260,3300816228,1771339417,4248210736,2323986101,4283235141,0,2285418970

// Tranquility PVE
https://destinytracker.com/destiny-2/db/items/1645386487-tranquility?perks=1294026524,4090651448,3142289711,2846385770,1354429876,4248210736,2323986101,4283235141,0,2285418970
https://destinytracker.com/destiny-2/db/items/1645386487-tranquility?perks=1294026524,3250034553,3142289711,2846385770,1354429876,4248210736,2323986101,4283235141,0,2285418970
https://destinytracker.com/destiny-2/db/items/1645386487-tranquility?perks=1294026524,1467527085,3142289711,2846385770,1354429876,4248210736,2323986101,4283235141,0,2285418970
https://destinytracker.com/destiny-2/db/items/1645386487-tranquility?perks=1294026524,4090651448,106909392,2846385770,1354429876,4248210736,2323986101,4283235141,0,2285418970
https://destinytracker.com/destiny-2/db/items/1645386487-tranquility?perks=1294026524,3250034553,106909392,2846385770,1354429876,4248210736,2323986101,4283235141,0,2285418970
https://destinytracker.com/destiny-2/db/items/1645386487-tranquility?perks=1294026524,1467527085,106909392,2846385770,1354429876,4248210736,2323986101,4283235141,0,2285418970
https://destinytracker.com/destiny-2/db/items/1645386487-tranquility?perks=1294026524,4090651448,3142289711,1168162263,1354429876,4248210736,2323986101,4283235141,0,2285418970
https://destinytracker.com/destiny-2/db/items/1645386487-tranquility?perks=1294026524,3250034553,3142289711,1168162263,1354429876,4248210736,2323986101,4283235141,0,2285418970
https://destinytracker.com/destiny-2/db/items/1645386487-tranquility?perks=1294026524,1467527085,3142289711,1168162263,1354429876,4248210736,2323986101,4283235141,0,2285418970
https://destinytracker.com/destiny-2/db/items/1645386487-tranquility?perks=1294026524,4090651448,106909392,1168162263,1354429876,4248210736,2323986101,4283235141,0,2285418970
https://destinytracker.com/destiny-2/db/items/1645386487-tranquility?perks=1294026524,3250034553,106909392,1168162263,1354429876,4248210736,2323986101,4283235141,0,2285418970
https://destinytracker.com/destiny-2/db/items/1645386487-tranquility?perks=1294026524,1467527085,106909392,1168162263,1354429876,4248210736,2323986101,4283235141,0,2285418970

// Berenger's Memory PVE
https://destinytracker.com/destiny-2/db/items/407621213-berengers-memory?perks=2353477480,981914802,3301904089,706527188,1683379515,4248210736,2323986101,0,0,2285418970
https://destinytracker.com/destiny-2/db/items/407621213-berengers-memory?perks=2353477480,3525010810,3301904089,706527188,1683379515,4248210736,2323986101,0,0,2285418970
https://destinytracker.com/destiny-2/db/items/407621213-berengers-memory?perks=2353477480,3798852852,3301904089,706527188,1683379515,4248210736,2323986101,0,0,2285418970
https://destinytracker.com/destiny-2/db/items/407621213-berengers-memory?perks=2353477480,981914802,3301904089,2284787283,1683379515,4248210736,2323986101,0,0,2285418970
https://destinytracker.com/destiny-2/db/items/407621213-berengers-memory?perks=2353477480,3525010810,3301904089,2284787283,1683379515,4248210736,2323986101,0,0,2285418970
https://destinytracker.com/destiny-2/db/items/407621213-berengers-memory?perks=2353477480,3798852852,3301904089,2284787283,1683379515,4248210736,2323986101,0,0,2285418970
https://destinytracker.com/destiny-2/db/items/407621213-berengers-memory?perks=2353477480,981914802,3301904089,706527188,3523296417,4248210736,2323986101,0,0,2285418970
https://destinytracker.com/destiny-2/db/items/407621213-berengers-memory?perks=2353477480,3525010810,3301904089,706527188,3523296417,4248210736,2323986101,0,0,2285418970
https://destinytracker.com/destiny-2/db/items/407621213-berengers-memory?perks=2353477480,3798852852,3301904089,706527188,3523296417,4248210736,2323986101,0,0,2285418970
https://destinytracker.com/destiny-2/db/items/407621213-berengers-memory?perks=2353477480,981914802,3301904089,2284787283,3523296417,4248210736,2323986101,0,0,2285418970
https://destinytracker.com/destiny-2/db/items/407621213-berengers-memory?perks=2353477480,3525010810,3301904089,2284787283,3523296417,4248210736,2323986101,0,0,2285418970
https://destinytracker.com/destiny-2/db/items/407621213-berengers-memory?perks=2353477480,3798852852,3301904089,2284787283,3523296417,4248210736,2323986101,0,0,2285418970

// Deafening Whisper GL
https://destinytracker.com/destiny-2/db/items/981718087-deafening-whisper?perks=1395789926,3525010810,3492396210,2010801679,3592538738,4248210736,2323986101,4105787909,0,2285418970
https://destinytracker.com/destiny-2/db/items/981718087-deafening-whisper?perks=1395789926,1441682018,3492396210,2010801679,3592538738,4248210736,2323986101,4105787909,0,2285418970
https://destinytracker.com/destiny-2/db/items/981718087-deafening-whisper?perks=1395789926,981914802,3492396210,2010801679,3592538738,4248210736,2323986101,4105787909,0,2285418970
https://destinytracker.com/destiny-2/db/items/981718087-deafening-whisper?perks=1395789926,3809316345,3492396210,2010801679,3592538738,4248210736,2323986101,4105787909,0,2285418970
https://destinytracker.com/destiny-2/db/items/981718087-deafening-whisper?perks=1395789926,1844523823,3492396210,2010801679,3592538738,4248210736,2323986101,4105787909,0,2285418970
https://destinytracker.com/destiny-2/db/items/981718087-deafening-whisper?perks=1395789926,1478423395,3492396210,2010801679,3592538738,4248210736,2323986101,4105787909,0,2285418970
https://destinytracker.com/destiny-2/db/items/981718087-deafening-whisper?perks=1395789926,3798852852,3492396210,2010801679,3592538738,4248210736,2323986101,4105787909,0,2285418970
https://destinytracker.com/destiny-2/db/items/981718087-deafening-whisper?perks=1395789926,3525010810,3492396210,2010801679,3108830275,4248210736,2323986101,4105787909,0,2285418970
https://destinytracker.com/destiny-2/db/items/981718087-deafening-whisper?perks=1395789926,1441682018,3492396210,2010801679,3108830275,4248210736,2323986101,4105787909,0,2285418970
https://destinytracker.com/destiny-2/db/items/981718087-deafening-whisper?perks=1395789926,981914802,3492396210,2010801679,3108830275,4248210736,2323986101,4105787909,0,2285418970
https://destinytracker.com/destiny-2/db/items/981718087-deafening-whisper?perks=1395789926,3809316345,3492396210,2010801679,3108830275,4248210736,2323986101,4105787909,0,2285418970
https://destinytracker.com/destiny-2/db/items/981718087-deafening-whisper?perks=1395789926,1844523823,3492396210,2010801679,3108830275,4248210736,2323986101,4105787909,0,2285418970
https://destinytracker.com/destiny-2/db/items/981718087-deafening-whisper?perks=1395789926,1478423395,3492396210,2010801679,3108830275,4248210736,2323986101,4105787909,0,2285418970
https://destinytracker.com/destiny-2/db/items/981718087-deafening-whisper?perks=1395789926,3798852852,3492396210,2010801679,3108830275,4248210736,2323986101,4105787909,0,2285418970

// Friction Fire SMG
https://destinytracker.com/destiny-2/db/items/1513993763-friction-fire?perks=1636108362,202670084,3142289711,1820235745,3425386926,4248210736,2323986101,4283235143,0,2285418970
https://destinytracker.com/destiny-2/db/items/1513993763-friction-fire?perks=1636108362,1467527085,3142289711,1820235745,3425386926,4248210736,2323986101,4283235143,0,2285418970
https://destinytracker.com/destiny-2/db/items/1513993763-friction-fire?perks=1636108362,3250034553,3142289711,1820235745,3425386926,4248210736,2323986101,4283235143,0,2285418970
https://destinytracker.com/destiny-2/db/items/1513993763-friction-fire?perks=1636108362,1482024992,3142289711,1820235745,3425386926,4248210736,2323986101,4283235143,0,2285418970
https://destinytracker.com/destiny-2/db/items/1513993763-friction-fire?perks=1636108362,202670084,3142289711,1820235745,1546637391,4248210736,2323986101,4283235143,0,2285418970
https://destinytracker.com/destiny-2/db/items/1513993763-friction-fire?perks=1636108362,1467527085,3142289711,1820235745,1546637391,4248210736,2323986101,4283235143,0,2285418970
https://destinytracker.com/destiny-2/db/items/1513993763-friction-fire?perks=1636108362,3250034553,3142289711,1820235745,1546637391,4248210736,2323986101,4283235143,0,2285418970
https://destinytracker.com/destiny-2/db/items/1513993763-friction-fire?perks=1636108362,1482024992,3142289711,1820235745,1546637391,4248210736,2323986101,4283235143,0,2285418970

// Corsair's Wrath Linear Fusion
https://destinytracker.com/destiny-2/db/items/2714022207-corsairs-wrath?perks=2057203855,1467527085,1687452232,1168162263,1015611457,4248210736,2323986101,518224747,0,2285418970
https://destinytracker.com/destiny-2/db/items/2714022207-corsairs-wrath?perks=2057203855,202670084,1687452232,1168162263,1015611457,4248210736,2323986101,518224747,0,2285418970
https://destinytracker.com/destiny-2/db/items/2714022207-corsairs-wrath?perks=2057203855,3250034553,1687452232,1168162263,1015611457,4248210736,2323986101,518224747,0,2285418970
https://destinytracker.com/destiny-2/db/items/2714022207-corsairs-wrath?perks=2057203855,1482024992,1687452232,1168162263,1015611457,4248210736,2323986101,518224747,0,2285418970
https://destinytracker.com/destiny-2/db/items/2714022207-corsairs-wrath?perks=2057203855,1467527085,2969185026,1168162263,1015611457,4248210736,2323986101,518224747,0,2285418970
https://destinytracker.com/destiny-2/db/items/2714022207-corsairs-wrath?perks=2057203855,202670084,2969185026,1168162263,1015611457,4248210736,2323986101,518224747,0,2285418970
https://destinytracker.com/destiny-2/db/items/2714022207-corsairs-wrath?perks=2057203855,3250034553,2969185026,1168162263,1015611457,4248210736,2323986101,518224747,0,2285418970
https://destinytracker.com/destiny-2/db/items/2714022207-corsairs-wrath?perks=2057203855,1482024992,2969185026,1168162263,1015611457,4248210736,2323986101,518224747,0,2285418970

// Royal Chase Scout Rifle
https://destinytracker.com/destiny-2/db/items/2776503072-royal-chase?perks=1636108362,1467527085,3142289711,4267945040,2848615171,4248210736,2323986101,150943607,0,2285418970
https://destinytracker.com/destiny-2/db/items/2776503072-royal-chase?perks=1636108362,202670084,3142289711,4267945040,2848615171,4248210736,2323986101,150943607,0,2285418970
https://destinytracker.com/destiny-2/db/items/2776503072-royal-chase?perks=1636108362,3250034553,3142289711,4267945040,2848615171,4248210736,2323986101,150943607,0,2285418970
https://destinytracker.com/destiny-2/db/items/2776503072-royal-chase?perks=1636108362,1482024992,3142289711,4267945040,2848615171,4248210736,2323986101,150943607,0,2285418970
https://destinytracker.com/destiny-2/db/items/2776503072-royal-chase?perks=1636108362,1467527085,3142289711,4267945040,2458213969,4248210736,2323986101,150943607,0,2285418970
https://destinytracker.com/destiny-2/db/items/2776503072-royal-chase?perks=1636108362,202670084,3142289711,4267945040,2458213969,4248210736,2323986101,150943607,0,2285418970
https://destinytracker.com/destiny-2/db/items/2776503072-royal-chase?perks=1636108362,3250034553,3142289711,4267945040,2458213969,4248210736,2323986101,150943607,0,2285418970
https://destinytracker.com/destiny-2/db/items/2776503072-royal-chase?perks=1636108362,1482024992,3142289711,4267945040,2458213969,4248210736,2323986101,150943607,0,2285418970

// Blast Battue GL
https://destinytracker.com/destiny-2/db/items/2453357042-blast-battue?perks=1294026524,3525010810,3301904089,2284787283,2396489472,4248210736,2323986101,3928770367,0,2285418970
https://destinytracker.com/destiny-2/db/items/2453357042-blast-battue?perks=1294026524,3809316345,3301904089,2284787283,2396489472,4248210736,2323986101,3928770367,0,2285418970
https://destinytracker.com/destiny-2/db/items/2453357042-blast-battue?perks=1294026524,981914802,3301904089,2284787283,2396489472,4248210736,2323986101,3928770367,0,2285418970
https://destinytracker.com/destiny-2/db/items/2453357042-blast-battue?perks=1294026524,1441682018,3301904089,2284787283,2396489472,4248210736,2323986101,3928770367,0,2285418970
https://destinytracker.com/destiny-2/db/items/2453357042-blast-battue?perks=1294026524,3798852852,3301904089,2284787283,2396489472,4248210736,2323986101,3928770367,0,2285418970

// True Prophecy PVP
https://destinytracker.com/destiny-2/db/items/2742838700-true-prophecy?perks=2757685314,1926090093,3142289711,2846385770,1954620775,4248210736,2323986101,0,0,38912240
https://destinytracker.com/destiny-2/db/items/2742838700-true-prophecy?perks=2757685314,1926090093,3142289711,2846385770,3038247973,4248210736,2323986101,0,0,38912240

// THE STEADY HAND PVP
https://destinytracker.com/destiny-2/db/items/2220884262-the-steady-hand?perks=2757685314,1926090093,1885400500,3161816588,4082225868,4248210736,2323986101,2993547493,0,2285418970
https://destinytracker.com/destiny-2/db/items/2220884262-the-steady-hand?perks=2757685314,1926090093,1885400500,2450788523,4082225868,4248210736,2323986101,2993547493,0,2285418970
https://destinytracker.com/destiny-2/db/items/2220884262-the-steady-hand?perks=2757685314,1926090093,1561002382,2450788523,4082225868,4248210736,2323986101,2993547493,0,2285418970
https://destinytracker.com/destiny-2/db/items/2220884262-the-steady-hand?perks=2757685314,1926090093,1561002382,3161816588,4082225868,4248210736,2323986101,2993547493,0,2285418970
https://destinytracker.com/destiny-2/db/items/2220884262-the-steady-hand?perks=2757685314,1926090093,1968497646,3161816588,4082225868,4248210736,2323986101,2993547493,0,2285418970
https://destinytracker.com/destiny-2/db/items/2220884262-the-steady-hand?perks=2757685314,1926090093,1968497646,2450788523,4082225868,4248210736,2323986101,2993547493,0,2285418970

// OREWING'S MAUL PVP
https://destinytracker.com/destiny-2/db/items/2108920981-orewings-maul?perks=474269988,981914802,3301904089,706527188,3523296417,4248210736,2323986101,3928770367,0,2285418970
https://destinytracker.com/destiny-2/db/items/2108920981-orewings-maul?perks=474269988,3525010810,3301904089,706527188,3523296417,4248210736,2323986101,3928770367,0,2285418970

// OREWING'S MAUL PVE
https://destinytracker.com/destiny-2/db/items/2108920981-orewings-maul?perks=474269988,3525010810,3301904089,2869569095,3523296417,4248210736,2323986101,3928770367,0,2285418970
https://destinytracker.com/destiny-2/db/items/2108920981-orewings-maul?perks=474269988,981914802,3301904089,2869569095,3523296417,4248210736,2323986101,3928770367,0,2285418970
https://destinytracker.com/destiny-2/db/items/2108920981-orewings-maul?perks=474269988,1441682018,3301904089,2869569095,3523296417,4248210736,2323986101,3928770367,0,2285418970
https://destinytracker.com/destiny-2/db/items/2108920981-orewings-maul?perks=474269988,3798852852,3301904089,2869569095,3523296417,4248210736,2323986101,3928770367,0,2285418970

// THE TIME-WORN SPIRE PVE
https://destinytracker.com/destiny-2/db/items/3593598010-the-time-worn-spire?perks=878286503,2405638014,2420895100,2779035018,3425386926,4248210736,2323986101,0,0,2285418970
https://destinytracker.com/destiny-2/db/items/3593598010-the-time-worn-spire?perks=878286503,2405638014,1087426260,2779035018,3425386926,4248210736,2323986101,0,0,2285418970

// THE TIME-WORN SPIRE PVP
https://destinytracker.com/destiny-2/db/items/3593598010-the-time-worn-spire?perks=878286503,2405638014,1885400500,2039302152,3425386926,4248210736,2323986101,0,0,2285418970
https://destinytracker.com/destiny-2/db/items/3593598010-the-time-worn-spire?perks=878286503,2405638014,1561002382,2039302152,3425386926,4248210736,2323986101,0,0,2285418970
https://destinytracker.com/destiny-2/db/items/3593598010-the-time-worn-spire?perks=878286503,2405638014,1968497646,2039302152,3425386926,4248210736,2323986101,0,0,2285418970
https://destinytracker.com/destiny-2/db/items/3593598010-the-time-worn-spire?perks=878286503,2405638014,1968497646,2039302152,11551321,4248210736,2323986101,0,0,2285418970
https://destinytracker.com/destiny-2/db/items/3593598010-the-time-worn-spire?perks=878286503,2405638014,1561002382,2039302152,11551321,4248210736,2323986101,0,0,2285418970
https://destinytracker.com/destiny-2/db/items/3593598010-the-time-worn-spire?perks=878286503,2405638014,1885400500,2039302152,11551321,4248210736,2323986101,0,0,2285418970

// THE GUIDING SIGHT
https://destinytracker.com/destiny-2/db/items/1641430382-the-guiding-sight?perks=1019291327,2405638014,1885400500,247725512,11551321,4248210736,2323986101,150943607,0,2285418970
https://destinytracker.com/destiny-2/db/items/1641430382-the-guiding-sight?perks=1019291327,2405638014,1885400500,706527188,11551321,4248210736,2323986101,150943607,0,2285418970
https://destinytracker.com/destiny-2/db/items/1641430382-the-guiding-sight?perks=1019291327,2405638014,1561002382,706527188,11551321,4248210736,2323986101,150943607,0,2285418970
https://destinytracker.com/destiny-2/db/items/1641430382-the-guiding-sight?perks=1019291327,2405638014,1561002382,247725512,11551321,4248210736,2323986101,150943607,0,2285418970
https://destinytracker.com/destiny-2/db/items/1641430382-the-guiding-sight?perks=1019291327,2405638014,1968497646,247725512,11551321,4248210736,2323986101,150943607,0,2285418970
https://destinytracker.com/destiny-2/db/items/1641430382-the-guiding-sight?perks=1019291327,2405638014,1968497646,706527188,11551321,4248210736,2323986101,150943607,0,2285418970

// THE FORWARD PATH
https://destinytracker.com/destiny-2/db/items/1690783811-the-forward-path?perks=1294026524,679077873,1968497646,1359896290,4082225868,4248210736,2323986101,0,0,2285418970
https://destinytracker.com/destiny-2/db/items/1690783811-the-forward-path?perks=1294026524,679077873,3142289711,1359896290,4082225868,4248210736,2323986101,0,0,2285418970
https://destinytracker.com/destiny-2/db/items/1690783811-the-forward-path?perks=1294026524,679077873,3142289711,1359896290,11551321,4248210736,2323986101,0,0,2285418970
https://destinytracker.com/destiny-2/db/items/1690783811-the-forward-path?perks=1294026524,679077873,1968497646,1359896290,11551321,4248210736,2323986101,0,0,2285418970

// 





